0 0.00900214 0.0062656
1 0.0180043 0.0062656
2 0.0270064 0.0062656
3 0.0360086 0.0062656
4 0.0450107 0.0062656
5 0.0540128 0.0062656
6 0.063015 0.0062656
7 0.0720171 0.0062656
8 0.0810192 0.0062656
9 0.0900214 0.0062656
10 0.0990235 0.0062656
11 0.108026 0.0062656
12 0.117028 0.0062656
13 0.12603 0.0062656
14 0.135032 0.0062656
15 0.144034 0.0062656
16 0.153036 0.0062656
17 0.162038 0.0062656
18 0.171041 0.0062656
19 0.180043 0.0062656
20 0.189045 0.0062656
21 0.198047 0.0062656
22 0.207049 0.0062656
23 0.216051 0.0062656
24 0.225053 0.0062656
25 0.234056 0.0062656
26 0.243058 0.0062656
27 0.25206 0.0062656
28 0.261062 0.0062656
29 0.270064 0.0062656
30 0.279066 0.0062656
31 0.288068 0.0062656
32 0.297071 0.0062656
33 0.306073 0.0062656
34 0.315075 0.0062656
35 0.324077 0.0062656
36 0.333079 0.0062656
37 0.342081 0.0062656
38 0.351083 0.0062656
39 0.360086 0.0062656
40 0.369088 0.0062656
41 0.37809 0.0062656
42 0.387092 0.0062656
43 0.396094 0.0062656
44 0.405096 0.0062656
45 0.414098 0.0062656
46 0.4231 0.0062656
47 0.432103 0.0062656
48 0.441105 0.0062656
49 0.450107 0.0062656
50 0.459109 0.0062656
51 0.468111 0.0062656
52 0.477113 0.0062656
53 0.486115 0.0062656
54 0.495118 0.0062656
55 0.50412 0.0062656
56 0.513122 0.0062656
57 0.522124 0.0062656
58 0.531126 0.0062656
59 0.540128 0.0062656
60 0.54913 0.0062656
61 0.558133 0.0062656
62 0.567135 0.0062656
63 0.576137 0.0062656
64 0.585139 0.0062656
65 0.594141 0.0062656
