1 1.03617 0.0998476 79
2 1.09889 0.0938759 76
3 1.1412 0.102679 75
4 1.16903 0.109305 76
5 1.20147 0.118975 74
6 1.20799 0.114232 76
7 1.21715 0.117414 77
8 1.23263 0.12223 74
9 1.24612 0.115651 75
10 1.25589 0.110249 75
11 1.25932 0.11022 77
12 1.26832 0.116519 74
13 1.26628 0.11761 77
14 1.27912 0.110264 75
15 1.30039 0.109121 69
16 1.29536 0.115253 78
17 1.30235 0.107472 76
18 1.30786 0.103402 75
19 1.31012 0.104302 76
20 1.31663 0.10381 74
21 1.31483 0.104866 76
22 1.31072 0.112456 77
23 1.31296 0.109689 74
24 1.30684 0.0982259 75
25 1.30285 0.0976771 75
26 1.30693 0.0962795 77
27 1.31131 0.10435 74
28 1.30627 0.109452 76
29 1.30663 0.113654 77
30 1.31649 0.102633 69
31 1.30347 0.10514 78
32 1.31001 0.102911 75
33 1.30594 0.104699 75
34 1.30988 0.103223 76
35 1.31888 0.0963897 74
36 1.31707 0.0984933 76
37 1.32009 0.105025 77
38 1.32585 0.104169 74
39 1.32392 0.105112 75
40 1.32307 0.113482 75
41 1.32264 0.112475 75
42 1.32131 0.103844 76
43 1.32196 0.102843 76
44 1.32786 0.105516 77
45 1.33756 0.10365 69
46 1.31361 0.109851 79
47 1.31857 0.10918 75
48 1.31828 0.112894 76
49 1.3213 0.111437 75
50 1.32503 0.105573 75
51 1.32867 0.101346 76
52 1.32872 0.101046 77
53 1.33288 0.0972574 73
54 1.32189 0.0980613 76
55 1.32526 0.102535 75
56 1.32624 0.102493 75
57 1.32809 0.109836 76
58 1.3315 0.102352 75
59 1.32744 0.105288 78
60 1.3347 0.104196 69
61 1.32436 0.108256 78
62 1.33927 0.103654 75
63 1.33835 0.102425 75
64 1.33175 0.105782 76
65 1.33608 0.103535 75
66 1.34171 0.101096 75
67 1.33478 0.100299 78
68 1.34554 0.103838 73
69 1.34213 0.102235 75
70 1.34078 0.104436 76
71 1.34003 0.0993012 75
72 1.3373 0.0939468 76
73 1.33669 0.100974 75
74 1.32681 0.103969 77
75 1.34373 0.110272 69
76 1.33225 0.10586 78
77 1.33838 0.103105 75
78 1.33841 0.10733 76
79 1.34346 0.10756 75
80 1.34021 0.109344 76
81 1.34207 0.108708 75
82 1.34671 0.110263 73
83 1.34018 0.109158 78
84 1.34301 0.10118 75
85 1.3411 0.0967093 75
86 1.33181 0.099733 76
87 1.33401 0.096117 75
88 1.33477 0.0980313 75
89 1.32116 0.103219 79
90 1.33535 0.104384 69
91 1.31422 0.111346 78
92 1.31986 0.119434 75
93 1.31514 0.124412 76
94 1.31385 0.126097 75
95 1.31537 0.124545 75
96 1.32123 0.121532 76
97 1.32644 0.109431 73
98 1.32437 0.105424 76
99 1.31806 0.10599 76
100 1.31736 0.110155 75
101 1.32269 0.108169 75
102 1.32235 0.103666 76
103 1.33481 0.0972442 75
104 1.32374 0.106079 79
105 1.3382 0.0983718 69
106 1.33202 0.0990849 77
107 1.33465 0.103306 76
108 1.3374 0.102102 76
109 1.33877 0.106712 75
110 1.33228 0.110474 75
111 1.33812 0.106413 75
112 1.34189 0.110556 74
113 1.33364 0.113624 77
114 1.33133 0.119544 76
115 1.3382 0.103481 74
116 1.32893 0.10674 76
117 1.32214 0.113981 76
118 1.32813 0.110658 75
119 1.32521 0.108743 79
120 1.34959 0.096209 69
121 1.32664 0.10281 76
122 1.32744 0.100407 76
123 1.32587 0.100199 74
124 1.31532 0.096234 77
125 1.31607 0.104731 75
126 1.31412 0.0995723 75
127 1.30776 0.105675 74
128 1.30319 0.107882 77
129 1.30499 0.107108 76
130 1.30621 0.106217 74
131 1.29043 0.108611 76
132 1.28939 0.110306 75
133 1.28517 0.112946 76
134 1.27524 0.115718 79
135 1.28983 0.111802 69
136 1.27506 0.113145 76
137 1.267 0.113402 77
138 1.26587 0.110188 74
139 1.25504 0.111386 77
140 1.2519 0.111608 75
141 1.24565 0.109282 75
142 1.24304 0.108891 74
143 1.23321 0.11199 77
144 1.22188 0.115414 76
145 1.20508 0.113479 74
146 1.18247 0.110674 76
147 1.16018 0.102513 75
148 1.12031 0.0927815 76
149 1.07582 0.0886251 67
150 1.02912 0.0780939 77
