1 1.05982 0.0696065 79
2 1.10154 0.0746447 77
3 1.12654 0.0764608 76
4 1.14427 0.0771592 77
5 1.1533 0.0770535 75
6 1.15688 0.0772274 77
7 1.1646 0.0785957 78
8 1.1782 0.0771307 75
9 1.18057 0.0749113 76
10 1.1864 0.0751884 76
11 1.19198 0.0793417 78
12 1.20196 0.0807881 75
13 1.20165 0.0873424 78
14 1.21124 0.0883869 77
15 1.22548 0.0850421 70
16 1.21666 0.0881619 79
17 1.22474 0.0835498 77
18 1.22593 0.0806023 76
19 1.22771 0.0810119 77
20 1.23441 0.0817623 75
21 1.23537 0.081663 77
22 1.2349 0.078869 78
23 1.23951 0.0788801 75
24 1.23953 0.0797617 76
25 1.24542 0.0746669 76
26 1.24579 0.0717192 78
27 1.25283 0.0670367 75
28 1.25521 0.0687209 77
29 1.25398 0.0681899 78
30 1.26681 0.0638154 70
31 1.2581 0.0680109 79
32 1.25973 0.0635108 76
33 1.25374 0.0655715 77
34 1.25474 0.0663288 77
35 1.25097 0.0647305 75
36 1.24914 0.0666667 77
37 1.24461 0.0712652 78
38 1.25218 0.0748393 75
39 1.24987 0.0715257 76
40 1.25338 0.0733297 76
41 1.25406 0.0746258 76
42 1.24924 0.0761752 77
43 1.24771 0.0775127 77
44 1.24317 0.07664 78
45 1.24866 0.0773795 70
46 1.24165 0.0777706 80
47 1.2501 0.0807522 76
48 1.24613 0.0833358 77
49 1.24892 0.0803038 76
50 1.24649 0.0768221 76
51 1.25102 0.0692065 77
52 1.25078 0.0676961 78
53 1.25787 0.0626326 74
54 1.25621 0.0631473 77
55 1.25798 0.0697664 76
56 1.25507 0.0762588 76
57 1.2596 0.0747453 77
58 1.26386 0.0745146 76
59 1.2583 0.0745417 79
60 1.26703 0.0752432 70
61 1.25465 0.0768831 79
62 1.26132 0.0771412 76
63 1.2601 0.0798014 76
64 1.25934 0.076543 77
65 1.25677 0.0783592 76
66 1.25965 0.0775723 76
67 1.25616 0.0842121 79
68 1.25982 0.0793274 74
69 1.26285 0.080903 76
70 1.26055 0.085185 77
71 1.26547 0.0788314 76
72 1.26761 0.0785399 77
73 1.26637 0.0753621 76
74 1.26094 0.0771824 79
75 1.26608 0.0768311 70
76 1.25511 0.0780886 79
77 1.26102 0.0738366 76
78 1.25684 0.0793005 77
79 1.25819 0.0771763 76
80 1.25777 0.0772041 77
81 1.26454 0.0763444 76
82 1.2656 0.0756904 74
83 1.26179 0.0760575 79
84 1.26439 0.0725097 76
85 1.26418 0.073278 76
86 1.26031 0.0777266 77
87 1.26149 0.0801068 76
88 1.26267 0.0811647 76
89 1.25943 0.0809734 80
90 1.26936 0.078107 70
91 1.26249 0.0778199 79
92 1.26139 0.0798197 76
93 1.25809 0.0811749 77
94 1.26118 0.0817717 76
95 1.26181 0.0863162 76
96 1.25879 0.0843785 77
97 1.26317 0.0812483 74
98 1.26188 0.0796901 77
99 1.2628 0.0737679 77
100 1.25996 0.0773699 76
101 1.26093 0.0738357 76
102 1.26179 0.0708619 77
103 1.26402 0.0713902 76
104 1.26496 0.0714997 80
105 1.27475 0.0669403 70
106 1.26104 0.067758 78
107 1.25914 0.0671986 77
108 1.25903 0.0660958 77
109 1.25495 0.0648766 75
110 1.25732 0.0690077 76
111 1.25689 0.0659256 76
112 1.25566 0.0685292 75
113 1.25213 0.0705998 78
114 1.25318 0.0688961 77
115 1.25606 0.0706851 75
116 1.25149 0.0742651 77
117 1.25253 0.0715001 77
118 1.25435 0.0693615 76
119 1.24449 0.0757589 80
120 1.25291 0.0697351 70
121 1.24363 0.0764524 77
122 1.24264 0.0826928 77
123 1.24568 0.0802719 75
124 1.23671 0.0800587 78
125 1.23789 0.075708 76
126 1.23556 0.0791195 76
127 1.23941 0.0803887 75
128 1.23248 0.0767545 78
129 1.23275 0.0751246 77
130 1.23533 0.0789004 75
131 1.23001 0.0793267 77
132 1.23072 0.0792844 76
133 1.22806 0.0764008 77
134 1.22669 0.0791588 80
135 1.24121 0.075721 70
136 1.22504 0.0811431 77
137 1.21742 0.0814057 78
138 1.21593 0.07654 75
139 1.20502 0.0766357 78
140 1.2039 0.0761782 76
141 1.19401 0.0741892 76
142 1.1931 0.0749353 75
143 1.17873 0.0767269 78
144 1.1704 0.0771466 77
145 1.16014 0.0748491 75
146 1.13897 0.0727587 77
147 1.12546 0.0687387 76
148 1.09998 0.0668023 77
149 1.07181 0.0699611 69
150 1.02605 0.0601703 74
