1 1.06045 0.0955395 84
2 1.11801 0.0947143 81
3 1.15637 0.10423 80
4 1.18031 0.106769 81
5 1.20358 0.105462 79
6 1.21425 0.106946 81
7 1.22273 0.10922 82
8 1.23677 0.110815 79
9 1.24238 0.111349 80
10 1.25097 0.113844 80
11 1.25914 0.112159 82
12 1.27004 0.115526 79
13 1.26901 0.121743 82
14 1.28164 0.119362 81
15 1.30357 0.114754 74
16 1.28897 0.11996 83
17 1.30029 0.117815 81
18 1.30783 0.115345 80
19 1.30955 0.115466 81
20 1.31654 0.114566 79
21 1.30891 0.117604 81
22 1.30585 0.117142 82
23 1.31683 0.113459 79
24 1.31626 0.115323 80
25 1.31398 0.116769 80
26 1.31236 0.118941 82
27 1.31925 0.117558 79
28 1.31802 0.116528 81
29 1.31968 0.112699 82
30 1.3439 0.111594 74
31 1.32554 0.118245 83
32 1.33414 0.108228 80
33 1.33181 0.115576 81
34 1.33497 0.115323 81
35 1.33909 0.111507 79
36 1.3367 0.112177 81
37 1.33777 0.113876 82
38 1.34718 0.114027 79
39 1.34705 0.114035 80
40 1.34689 0.116621 80
41 1.34793 0.112778 80
42 1.35141 0.107824 81
43 1.35098 0.102616 81
44 1.34875 0.102797 82
45 1.36047 0.0923776 74
46 1.34017 0.098945 84
47 1.34566 0.0922239 80
48 1.33758 0.102137 81
49 1.3442 0.0898122 80
50 1.34609 0.0850574 80
51 1.34251 0.0859602 81
52 1.34005 0.0910217 82
53 1.35224 0.0906341 78
54 1.34731 0.0975478 81
55 1.34954 0.097775 80
56 1.34967 0.102293 80
57 1.3509 0.0998977 81
58 1.35279 0.09948 80
59 1.34892 0.0993645 83
60 1.36322 0.0992204 74
61 1.34963 0.106122 83
62 1.35846 0.100946 80
63 1.36122 0.100099 80
64 1.35612 0.103739 81
65 1.36293 0.097795 80
66 1.36423 0.0996814 80
67 1.35797 0.10526 83
68 1.37065 0.100115 78
69 1.37003 0.101576 80
70 1.36849 0.109085 81
71 1.37067 0.111199 80
72 1.36878 0.106549 81
73 1.36755 0.103424 80
74 1.36437 0.103545 83
75 1.38067 0.0923742 74
76 1.3636 0.099131 83
77 1.36932 0.0937607 80
78 1.36908 0.0943259 81
79 1.37281 0.0936339 80
80 1.37034 0.0950827 81
81 1.36873 0.093593 80
82 1.37203 0.0928395 78
83 1.3667 0.101523 82
84 1.37307 0.0970282 80
85 1.37066 0.100981 80
86 1.37081 0.103404 81
87 1.37565 0.0994232 80
88 1.37655 0.101864 80
89 1.3654 0.109982 84
90 1.38329 0.101235 74
91 1.36985 0.107698 83
92 1.37515 0.107406 80
93 1.37204 0.108835 81
94 1.37287 0.106535 80
95 1.37306 0.106733 80
96 1.37207 0.105193 81
97 1.37564 0.101476 78
98 1.37205 0.104037 81
99 1.37104 0.1013 81
100 1.37175 0.0989898 80
101 1.36879 0.0986778 80
102 1.36789 0.0922466 81
103 1.37055 0.0937505 80
104 1.35727 0.101603 84
105 1.37426 0.0909831 74
106 1.36014 0.0956872 82
107 1.35849 0.0951557 81
108 1.35918 0.0916977 81
109 1.356 0.0940925 80
110 1.35528 0.0921111 80
111 1.35594 0.0932273 80
112 1.3524 0.0909297 79
113 1.34665 0.0918072 82
114 1.34987 0.0894918 81
115 1.35192 0.0887245 79
116 1.34756 0.0944626 81
117 1.34822 0.0895835 81
118 1.34825 0.0918995 80
119 1.33295 0.0996957 84
120 1.34959 0.0916018 74
121 1.33689 0.101123 81
122 1.33493 0.10272 81
123 1.34059 0.101854 79
124 1.332 0.103808 82
125 1.32794 0.103195 80
126 1.33041 0.100129 80
127 1.33235 0.105829 79
128 1.32743 0.109274 82
129 1.32976 0.109368 80
130 1.32974 0.10859 79
131 1.31969 0.111115 81
132 1.32101 0.109536 80
133 1.31516 0.110651 81
134 1.30579 0.116141 84
135 1.32151 0.107341 74
136 1.29673 0.112652 81
137 1.28321 0.118702 82
138 1.28172 0.11541 79
139 1.26823 0.121244 82
140 1.26452 0.120444 80
141 1.25779 0.121435 80
142 1.24369 0.12144 79
143 1.22381 0.119272 82
144 1.21098 0.113121 81
145 1.19418 0.105739 79
146 1.16916 0.102011 81
147 1.1505 0.098392 80
148 1.11682 0.0996486 81
149 1.07316 0.107749 73
150 1.03771 0.0941515 80
