1 1.0425 0.0566416 78
2 1.0926 0.0688908 75
3 1.12476 0.0774567 74
4 1.14463 0.0797094 75
5 1.16805 0.0840292 73
6 1.17696 0.090179 75
7 1.18502 0.0933896 76
8 1.19479 0.0961628 73
9 1.20398 0.0904692 74
10 1.2139 0.0906695 74
11 1.21712 0.0873435 76
12 1.22397 0.0909904 73
13 1.22044 0.085011 76
14 1.22897 0.0807185 75
15 1.24683 0.0779433 68
16 1.23475 0.0864637 77
17 1.23884 0.0819809 75
18 1.24219 0.0798244 74
19 1.24419 0.0789886 75
20 1.24844 0.0789284 73
21 1.24676 0.085073 75
22 1.24511 0.0871824 76
23 1.24848 0.0880656 73
24 1.24678 0.0817437 74
25 1.24512 0.0789952 74
26 1.24233 0.0788216 76
27 1.24719 0.0761484 73
28 1.24302 0.0744312 75
29 1.24063 0.0741609 76
30 1.25482 0.0717478 68
31 1.24409 0.0738864 77
32 1.24798 0.071782 74
33 1.244 0.0712374 75
34 1.24371 0.0731332 75
35 1.24658 0.0674789 73
36 1.2456 0.0703054 75
37 1.24452 0.0776691 76
38 1.25031 0.0750556 73
39 1.24619 0.0731706 74
40 1.24793 0.0772151 74
41 1.25114 0.0754483 74
42 1.24933 0.0779802 75
43 1.25158 0.0740821 75
44 1.25271 0.0768407 76
45 1.26368 0.0766637 68
46 1.24786 0.0808777 78
47 1.2526 0.0765007 74
48 1.2475 0.0745679 75
49 1.25045 0.0741006 74
50 1.25432 0.0744259 74
51 1.25423 0.0720328 75
52 1.25328 0.0723091 76
53 1.2604 0.0686809 72
54 1.25168 0.0722999 75
55 1.25256 0.0719923 74
56 1.25369 0.0717314 74
57 1.2503 0.0772448 75
58 1.25378 0.075039 74
59 1.24973 0.0770134 77
60 1.26151 0.076059 68
61 1.25145 0.0810045 77
62 1.25936 0.0809901 74
63 1.26079 0.0782438 74
64 1.25701 0.0770548 75
65 1.25912 0.0731238 74
66 1.26078 0.0753982 74
67 1.25531 0.0744688 76
68 1.25912 0.0745316 72
69 1.25515 0.0785703 74
70 1.25788 0.0772642 75
71 1.26354 0.0762455 74
72 1.25724 0.0735536 75
73 1.26063 0.0708247 74
74 1.2566 0.072883 77
75 1.26622 0.0666096 68
76 1.25282 0.0711212 77
77 1.25668 0.0741716 74
78 1.25707 0.0748445 75
79 1.25859 0.0786023 74
80 1.25373 0.0803164 75
81 1.25321 0.074961 74
82 1.25706 0.0772554 72
83 1.25308 0.074641 77
84 1.25618 0.0742016 74
85 1.25681 0.0749718 74
86 1.25209 0.0729223 75
87 1.25511 0.0713829 74
88 1.2564 0.0724122 74
89 1.24738 0.074363 78
90 1.26126 0.0672467 68
91 1.24948 0.0701916 77
92 1.25296 0.0689472 74
93 1.24642 0.0717643 75
94 1.2447 0.073608 74
95 1.2457 0.0695695 74
96 1.24442 0.0732355 75
97 1.25005 0.0760271 72
98 1.24667 0.0779559 75
99 1.24986 0.0775835 75
100 1.25036 0.0744073 74
101 1.25307 0.0724168 74
102 1.2523 0.0738792 75
103 1.2547 0.0702585 74
104 1.24725 0.0725819 78
105 1.26166 0.0706303 68
106 1.24832 0.0737553 76
107 1.25608 0.0716064 75
108 1.25885 0.0736019 75
109 1.25928 0.0774682 74
110 1.25948 0.0779788 74
111 1.26103 0.0743705 74
112 1.26161 0.0722949 73
113 1.25594 0.0741393 76
114 1.25865 0.0754886 75
115 1.26144 0.076658 73
116 1.2599 0.0755222 75
117 1.25944 0.0794635 75
118 1.25775 0.0759444 74
119 1.2476 0.0849179 78
120 1.26071 0.0763516 68
121 1.24999 0.075841 75
122 1.24574 0.0763047 75
123 1.25008 0.0745593 73
124 1.24474 0.0775636 76
125 1.24781 0.0752229 74
126 1.24861 0.0733671 74
127 1.2508 0.0747063 73
128 1.24258 0.0741693 76
129 1.24109 0.0757356 75
130 1.24151 0.0731968 73
131 1.23256 0.077472 75
132 1.23343 0.0785536 74
133 1.23151 0.0791176 75
134 1.22591 0.0881932 78
135 1.23652 0.0814302 68
136 1.22485 0.0861504 75
137 1.22193 0.0880345 76
138 1.22528 0.0873563 73
139 1.2186 0.0937728 76
140 1.2178 0.0932846 74
141 1.20895 0.0953268 74
142 1.20346 0.093481 73
143 1.19485 0.0954235 75
144 1.18712 0.0995834 75
145 1.17853 0.0957192 73
146 1.16307 0.0921566 74
147 1.14874 0.0911945 74
148 1.11644 0.0836606 74
149 1.08114 0.0833704 68
150 1.04156 0.0794862 77
